
====================================================

5-ACTIONS STATS

[ crossing, standing, queueing, walking, talking ]

====================================================

Counts of action transitions

        2135          47           0          23           1
           6        2037           0          19           2
           0           0        3553           3           0
          29          15           5        2209           2
           0           3           0           3        1841

Normalized action transitions

    0.9678    0.0213         0    0.0104    0.0005
    0.0029    0.9869         0    0.0092    0.0010
         0         0    0.9992    0.0008         0
    0.0128    0.0066    0.0022    0.9774    0.0009
         0    0.0016         0    0.0016    0.9968

Counts of action co-occurrence in frame

         648         129           0         204           5
         129         562           4         200           3
           0           4         512          84           0
         204         200          84        1016         110
           5           3           0         110         488

Normalized action co-occurrence in frame

    0.6572    0.1308         0    0.2069    0.0051
    0.1437    0.6258    0.0045    0.2227    0.0033
         0    0.0067    0.8533    0.1400         0
    0.1264    0.1239    0.0520    0.6295    0.0682
    0.0083    0.0050         0    0.1815    0.8053

Counts of action co-occurrence in sequence

    23    10     0    19     1
    10    15     1    15     1
     0     1     7     5     0
    19    15     5    37     5
     1     1     0     5     6

Normalized action co-occurrence in sequence

    0.4340    0.1887         0    0.3585    0.0189
    0.2381    0.3571    0.0238    0.3571    0.0238
         0    0.0769    0.5385    0.3846         0
    0.2346    0.1852    0.0617    0.4568    0.0617
    0.0769    0.0769         0    0.3846    0.4615



====================================================

6-ACTIONS STATS

[ crossing, standing, queueing, talking, dancing, jogging ]

====================================================

Counts of action transitions

        2062          45           0           1           0           0
           6        2005           0           2           0           0
           0           0        3553           0           0           0
           0           3           0        1819           0          11
           0           0           0           0        3166           0
           0           0           0          11           0        2939

Normalized action transitions

    0.9782    0.0213         0    0.0005         0         0
    0.0030    0.9960         0    0.0010         0         0
         0         0    1.0000         0         0         0
         0    0.0016         0    0.9924         0    0.0060
         0         0         0         0    1.0000         0
         0         0         0    0.0037         0    0.9963

Counts of action co-occurrence in frame

   618   129     0     5     0     0
   129   534     4     3     0     0
     0     4   512     0     0     0
     5     3     0   489     0    31
     0     0     0     0   642     0
     0     0     0    31     0   636

Normalized action co-occurrence in frame

    0.8218    0.1715         0    0.0066         0         0
    0.1925    0.7970    0.0060    0.0045         0         0
         0    0.0078    0.9922         0         0         0
    0.0095    0.0057         0    0.9261         0    0.0587
         0         0         0         0    1.0000         0
         0         0         0    0.0465         0    0.9535

Counts of action co-occurrence in sequence

    21     9     0     1     0     0
     9    13     1     1     0     0
     0     1     7     0     0     0
     1     1     0     7     0     2
     0     0     0     0    15     0
     0     0     0     2     0    13

Normalized action co-occurrence in sequence

    0.6774    0.2903         0    0.0323         0         0
    0.3750    0.5417    0.0417    0.0417         0         0
         0    0.1250    0.8750         0         0         0
    0.0909    0.0909         0    0.6364         0    0.1818
         0         0         0         0    1.0000         0
         0         0         0    0.1333         0    0.8667


